#export environment.yml: 'conda env export > environment.yml'
name: cfm_env
channels:
  - conda-forge
  - defaults
dependencies:
  - asttokens=2.4.1=pyhd8ed1ab_0
  - bzip2=1.0.8=h2466b09_7
  - ca-certificates=2024.7.4=h56e8100_0
  - colorama=0.4.6=pyhd8ed1ab_0
  - comm=0.2.2=pyhd8ed1ab_0
  - debugpy=1.8.5=py311hda3d55a_0
  - decorator=5.1.1=pyhd8ed1ab_0
  - exceptiongroup=1.2.2=pyhd8ed1ab_0
  - executing=2.0.1=pyhd8ed1ab_0
  - importlib-metadata=8.2.0=pyha770c72_0
  - importlib_metadata=8.2.0=hd8ed1ab_0
  - ipykernel=6.29.5=pyh4bbf305_0
  - ipython=8.26.0=pyh7428d3b_0
  - jedi=0.19.1=pyhd8ed1ab_0
  - jupyter_client=8.6.2=pyhd8ed1ab_0
  - jupyter_core=5.7.2=py311h1ea47a8_0
  - kaleido-core=0.1.0=h8ffe710_0
  - krb5=1.21.3=hdf4eb48_0
  - libexpat=2.6.2=h63175ca_0
  - libffi=3.4.2=h8ffe710_5
  - libsodium=1.0.18=h8d14728_1
  - libsqlite=3.46.0=h2466b09_0
  - libzlib=1.3.1=h2466b09_1
  - matplotlib-inline=0.1.7=pyhd8ed1ab_0
  - nest-asyncio=1.6.0=pyhd8ed1ab_0
  - openssl=3.3.1=h2466b09_2
  - packaging=24.1=pyhd8ed1ab_0
  - parso=0.8.4=pyhd8ed1ab_0
  - pickleshare=0.7.5=py_1003
  - pip=24.2=pyhd8ed1ab_0
  - platformdirs=4.2.2=pyhd8ed1ab_0
  - prompt-toolkit=3.0.47=pyha770c72_0
  - psutil=6.0.0=py311he736701_0
  - pure_eval=0.2.3=pyhd8ed1ab_0
  - pygments=2.18.0=pyhd8ed1ab_0
  - python=3.11.9=h631f459_0_cpython
  - python-dateutil=2.9.0=pyhd8ed1ab_0
  - python-kaleido=0.1.0=pyhd8ed1ab_0
  - python_abi=3.11=4_cp311
  - pywin32=306=py311h12c1d0e_2
  - pyzmq=26.1.0=py311h484c95c_0
  - setuptools=72.1.0=pyhd8ed1ab_0
  - six=1.16.0=pyh6c4a22f_0
  - stack_data=0.6.2=pyhd8ed1ab_0
  - tk=8.6.13=h5226925_1
  - tornado=6.4.1=py311he736701_0
  - traitlets=5.14.3=pyhd8ed1ab_0
  - typing_extensions=4.12.2=pyha770c72_0
  - ucrt=10.0.22621.0=h57928b3_0
  - vc=14.3=h8a93ad2_20
  - vc14_runtime=14.40.33810=ha82c5b3_20
  - vs2015_runtime=14.40.33810=h3bf8584_20
  - wcwidth=0.2.13=pyhd8ed1ab_0
  - wheel=0.44.0=pyhd8ed1ab_0
  - xz=5.2.6=h8d14728_0
  - zeromq=4.3.5=he1f189c_4
  - zipp=3.19.2=pyhd8ed1ab_0
  - pip:
      - attrs==24.2.0
      - certifi==2024.7.4
      - charset-normalizer==3.3.2
      - chart-studio==1.1.0
      - contourpy==1.2.1
      - cycler==0.12.1
      - fastjsonschema==2.20.0
      - fonttools==4.53.1
      - idna==3.7
      - joblib==1.4.2
      - jsonschema==4.23.0
      - jsonschema-specifications==2023.12.1
      - kaleido==0.2.1
      - kiwisolver==1.4.5
      - matplotlib==3.9.2
      - nbformat==5.10.4
      - numpy==2.0.1
      - pandas==2.2.2
      - patsy==0.5.6
      - pillow==10.4.0
      - plotly==5.3.1
      - pyparsing==3.1.2
      - pytz==2024.1
      - referencing==0.35.1
      - requests==2.32.3
      - retrying==1.3.4
      - rpds-py==0.20.0
      - scipy==1.14.0
      - seaborn==0.13.2
      - statsmodels==0.14.2
      - tenacity==9.0.0
      - tzdata==2024.1
      - urllib3==2.2.2
prefix: C:\Users\Yili Yang\.conda\envs\cfm_env
